MultinomialNB()
                precision    recall  f1-score   support

    admiration       0.50      0.39      0.44      4284
     amusement       0.57      0.24      0.34      2430
         anger       0.38      0.09      0.15      2051
     annoyance       0.20      0.06      0.09      3378
      approval       0.23      0.07      0.11      4529
        caring       0.28      0.04      0.07      1369
     confusion       0.30      0.03      0.06      1990
     curiosity       0.40      0.08      0.13      2314
        desire       0.45      0.03      0.05       840
disappointment       0.27      0.03      0.05      1889
   disapproval       0.25      0.06      0.09      3135
       disgust       0.41      0.05      0.10      1130
 embarrassment       0.25      0.00      0.01       553
    excitement       0.33      0.02      0.05      1224
          fear       0.37      0.02      0.03       705
     gratitude       0.78      0.62      0.69      2823
         grief       0.00      0.00      0.00       134
           joy       0.36      0.10      0.16      1711
          love       0.65      0.29      0.40      2030
   nervousness       0.00      0.00      0.00       301
       neutral       0.35      0.88      0.50     22056
      optimism       0.42      0.09      0.15      1851
         pride       0.00      0.00      0.00       265
   realization       0.15      0.01      0.03      1966
        relief       0.00      0.00      0.00       303
       remorse       0.40      0.04      0.07       619
       sadness       0.38      0.05      0.09      1512
      surprise       0.40      0.06      0.11      1336

      accuracy                           0.38     68728
     macro avg       0.32      0.12      0.14     68728
  weighted avg       0.37      0.38      0.29     68728

[[ 1681    23     4    12    71     9     2     7     0     2     5     0
      0     0     0    71     0    17    70     0  2274    18     0     4
      0     0     1    13]
 [   80   593     6    20    18     0     1     1     0     1    10     0
      0     3     0    14     0    17    11     0  1641     2     0     4
      0     0     1     7]
 [   16    14   193   123    17     4     0     4     0     5    20    13
      0     2     2     6     0     1     4     0  1615     2     0     2
      0     1     2     5]
 [   45    22    65   190    49     7     4     9     0    11    46    13
      0     3     0    25     0     2     5     0  2863     6     0     4
      0     1     5     3]
 [  178    38     8    39   320     9     8    13     1     6    42     3
      0     3     2    23     0    11    18     0  3770    20     0    10
      0     0     3     4]
 [   26     1     3    10    18    58     1     6     0     1     5     0
      0     0     0    27     0     6     6     0  1167    30     0     2
      0     1     1     0]
 [   15     6     3    22    29     0    68    46     0     2    15     2
      0     0     0    10     0     4     0     0  1758     1     0     5
      0     0     1     3]
 [   40     9     4    19    21     3    21   187     1     1    10     0
      0     1     0     6     0     2     1     0  1965     1     0     8
      0     1     4     9]
 [   14     2     2     3    15     4     3     2    22     0     1     0
      0     3     0     2     0     3     3     0   726    31     0     2
      0     0     1     1]
 [   27     4     2    36    36     4     3     3     2    53    25     3
      0     2     1     6     0     4     1     0  1648     4     0     4
      0     0    16     5]
 [   30    17    17    61    61     4    12     3     0     5   176    10
      0     1     1     8     0     4     3     0  2699     6     0     4
      0     1     9     3]
 [   18     3    35    46    30     2     5     1     1     4    16    61
      1     0     3     4     0     0     1     0   887     2     0     2
      0     1     7     0]
 [   12     6     5    21    14     0     2     1     0     0     6     3
      2     0     0     2     0     2     1     0   465     1     0     5
      0     3     1     1]
 [  120    15     1     7    18     0     0     9     1     2     3     0
      0    30     1     9     0    86    13     0   890     6     0     1
      0     0     1    11]
 [   14     3     2     7    14     3     0     3     1     7     8     4
      0     1    11     1     0     1     1     0   613     2     0     4
      0     0     3     2]
 [  133    11     1     3    13     9     0     2     0     1     1     0
      0     1     0  1762     0    26     4     0   829    18     0     1
      0     3     5     0]
 [    1     1     0     1     0     1     0     0     0     0     0     0
      0     0     0     2     0     0     0     0   124     0     0     0
      0     0     4     0]
 [  115    77     1     6    36     2     3     1     0     3     4     0
      0     2     0    46     0   170    44     0  1189     7     0     2
      0     0     1     2]
 [  120    11     0     3    18     0     0     4     1     0     2     0
      0     1     0     8     0    15   584     0  1261     1     0     0
      0     0     1     0]
 [    2     2     1     0     5     1     1     3     0     2     0     0
      0     0     0     0     0     0     0     0   279     2     0     2
      0     0     0     1]
 [  487   154   133   273   470    64    72   133    15    56   254    31
      4    28     6   142     2    68   110     0 19329    63     1    76
      0     8    35    42]
 [   57     7     3     8    43    12     1     1     3     2     8     1
      0     1     1    19     0     9     2     0  1496   172     0     3
      0     0     2     0]
 [   33     0     2     2     8     1     0     0     0     0     2     0
      0     0     0     4     0     1     0     0   208     2     0     1
      0     1     0     0]
 [   27     8     4    19    49     1     8     9     0     7    21     1
      1     2     1    14     0     8     4     0  1743     2     0    28
      0     0     3     6]
 [   19     0     0     0     4     3     1     1     0     0     1     0
      0     0     0    19     0     0     2     0   251     1     0     1
      0     0     0     0]
 [    0     3     0     7     5     2     0     1     0     5     3     0
      0     0     0    21     0     0     3     0   521     1     0     1
      0    23    23     0]
 [   15     6     5    13    15     5     3     1     1    13     9     4
      0     0     1     8     0     4     3     0  1303     4     0     3
      0    13    81     2]
 [   66     9     9    10    13     0     4    12     0     4     8     1
      0     7     0    10     0     6     2     0  1081     3     0     7
      0     0     3    81]]

DecisionTreeClassifier()
                precision    recall  f1-score   support

    admiration       0.41      0.52      0.46      4284
     amusement       0.42      0.53      0.47      2430
         anger       0.23      0.33      0.27      2051
     annoyance       0.15      0.20      0.18      3378
      approval       0.19      0.23      0.21      4529
        caring       0.20      0.27      0.23      1369
     confusion       0.22      0.25      0.23      1990
     curiosity       0.30      0.33      0.31      2314
        desire       0.22      0.26      0.24       840
disappointment       0.15      0.16      0.15      1889
   disapproval       0.21      0.21      0.21      3135
       disgust       0.21      0.18      0.19      1130
 embarrassment       0.18      0.17      0.18       553
    excitement       0.21      0.19      0.20      1224
          fear       0.34      0.33      0.33       705
     gratitude       0.75      0.72      0.74      2823
         grief       0.11      0.10      0.10       134
           joy       0.26      0.23      0.25      1711
          love       0.54      0.54      0.54      2030
   nervousness       0.12      0.09      0.10       301
       neutral       0.50      0.44      0.47     22056
      optimism       0.35      0.23      0.27      1851
         pride       0.15      0.06      0.08       265
   realization       0.16      0.08      0.10      1966
        relief       0.13      0.07      0.09       303
       remorse       0.40      0.31      0.35       619
       sadness       0.32      0.20      0.25      1512
      surprise       0.32      0.23      0.26      1336

      accuracy                           0.35     68728
     macro avg       0.28      0.27      0.27     68728
  weighted avg       0.36      0.35      0.35     68728

[[2224   92   36   90  282   56   33   44   25   31   33   11    3   98
    14  127    4   98  179    0  626   69   19   24    5    0    9   52]
 [ 127 1293   43   86   71   24   20   29   20   24   39   16    6   42
     7   13    0  121   27    0  346   11    2   19    1    6   11   26]
 [  36   53  672  294   68   39   31   29   10   66  117   78   14   16
    21    6    4   11   17    3  398    7    2   20    4    3   19   13]
 [  97  112  392  688  222   55   89   95   22  156  210  111   41   23
    37   26    2   34   25   10  782   25    2   42    4    8   37   31]
 [ 392  126   98  259 1033  128   95   77   55   96  182   29   24   54
    24   48    9   80   72   13 1390   80    2   73   15   10   23   42]
 [  60   19   36   71  145  363   20   18   20   29   38    3    8   11
     6   26    2   29   33   12  337   46    2    5    5    8   15    2]
 [  52   38   58  101  129   34  505  255   12   33   73   10   13   13
     8   12    0    7    4    8  549    7    0   27    0    4    9   29]
 [  71   39   52  117   95   28  285  754   20   40   45   12    6   35
     9    9    2   11   21    3  567   13    0   15    3   11    8   43]
 [  41   15   27   45   65   33   18   22  218    7   15    3    1   15
     3    8    1   13   19    2  192   46    1    8    4    4   11    3]
 [  44   45   87  215  116   46   52   37   26  306  137   44   22   12
     7    4    5   22   19   15  458   17    1   36    2   16   78   20]
 [  68   68  164  327  235   51   99   59   31  168  657   71   26   12
    22   17    4   23   21    6  844   26    1   46    6   15   43   25]
 [  23   32  153  161   53    8   13   18    8   56   69  207   18    5
    21    3    3    3   11    3  222    6    1    7    0    3   14    9]
 [  12   18   21   63   35   11   15    9    5   27   30   28   94    3
    10    4    0    4    3    3  118    2    0    7    0   12   12    7]
 [ 153   48   22   38   83   20   14   56   23   24   16    4    1  237
     2   21    0   71   27    3  262   19    3   12    1    5    5   54]
 [  12   14   30   41   46   14   15    9    6   36   25   30    8    2
   230    1    1    4    5   13  134    4    1    8    1    2    8    5]
 [ 203   24    8   36   60   47    7   11   12   13   20    4    3   28
     1 2043    2   44   20    0  137   31    4    6    9   25   13   12]
 [   3    8    9    6    8    2    3    1    3    6    4    1    3    0
     3    1   13    1    2    1   34    2    0    4    0    6   10    0]
 [ 179  210   26   44  110   41   15   11   14   13   20    8    3   94
     7   71    0  399   83    1  281   21    7   12   15    1   10   15]
 [ 238   35    4   35   91   42   24    6   28   14   15    6    5   40
     2   16    2   98 1102    2  199    8    0    4    0    0    5    9]
 [   5    8    7   21   23   17   10   12    2   17   14    5    5    3
    16    2    1    3    1   28   78    1    0    3    0    4    7    8]
 [1008  609  771 1285 1898  495  774  779  287  553 1041  243  138  294
   167  143   30  300  274   83 9793  282   30  318   40   45  188  188]
 [ 122   41   32   72  176   99   35   27   90   40   50    8    8   29
    10   31    0   47   22    5  441  418    3   16    6    9    8    6]
 [  49    2    8    8   33    5    2    2    1    5   10    1    2    5
     2    8    1   11    3    0   72    7   15    5    2    2    2    2]
 [  72   66   47  125  223   46   72   50   18   64  105   23   19   21
    14   15    3   28   21   11  666   28    1  150    8   11   21   38]
 [  38    6    4   12   37   18    5    3    5    7    3    4    0    2
     1   21    1   23    3    1   71    4    2    5   21    0    4    2]
 [   7    8    5   32   22   27    4    4    7   37   24    9   18    2
     3   27    6    3    6    3   87    4    0   25    0  194   52    3]
 [  36   21   56  100   80   47   21   10   21  162   66   27   13   14
    19   12   17   13    9   12  327    3    0   28    2   81  303   12]
 [  99   44   53   68   76    8   41   83    7   40   41    8   14   46
    13   11    1   21   12    1  285   16    0   31    3    1    9  304]]

MLPClassifier()
                precision    recall  f1-score   support

    admiration       0.50      0.51      0.51      4284
     amusement       0.51      0.53      0.52      2430
         anger       0.33      0.27      0.30      2051
     annoyance       0.21      0.11      0.14      3378
      approval       0.25      0.14      0.18      4529
        caring       0.25      0.17      0.20      1369
     confusion       0.30      0.15      0.20      1990
     curiosity       0.34      0.19      0.24      2314
        desire       0.34      0.23      0.27       840
disappointment       0.23      0.10      0.14      1889
   disapproval       0.24      0.16      0.19      3135
       disgust       0.27      0.24      0.25      1130
 embarrassment       0.33      0.17      0.22       553
    excitement       0.31      0.14      0.19      1224
          fear       0.40      0.36      0.38       705
     gratitude       0.80      0.75      0.77      2823
         grief       0.18      0.01      0.03       134
           joy       0.34      0.28      0.31      1711
          love       0.59      0.60      0.59      2030
   nervousness       0.27      0.10      0.14       301
       neutral       0.44      0.69      0.54     22056
      optimism       0.37      0.30      0.33      1851
         pride       0.33      0.08      0.13       265
   realization       0.18      0.09      0.12      1966
        relief       0.16      0.05      0.08       303
       remorse       0.41      0.44      0.43       619
       sadness       0.35      0.25      0.29      1512
      surprise       0.35      0.31      0.33      1336

      accuracy                           0.42     68728
     macro avg       0.34      0.26      0.29     68728
  weighted avg       0.38      0.42      0.38     68728

[[ 2183    62    19    34   138    32     9    32    11    14    25    18
      4    58    10    93     0    79   170     0  1098    70    13    26
      3     0     9    74]
 [   88  1295    21    37    34    12    12    13    12     8    21     8
      6     7     3    16     0    83    31     0   632    14     1    22
      0     6    15    33]
 [   20    32   553   200    25    21    11    21     6    22    81    78
      4     6    15     8     0     7     9     2   863    10     2    17
      0     4    12    22]
 [   62    77   252   375    90    24    41    47    10    50   170   119
     22    12    27    29     0    22    24     6  1746    23     2    49
      2    12    47    38]
 [  272    77    36    95   617    69    46    33    29    41   134    27
      6    19    16    35     1    63    63     7  2593    85     2    66
      7    12    31    47]
 [   42    12    11    21    47   226     5    10    14    16    37     3
      3     2    10    20     0    31    25     6   687    77     0    12
      8    15    27     2]
 [   35    26    23    43    56    11   298   143     4    14    63    15
      7     5     9     9     0    10     9     1  1107    19     2    35
      1    11     8    26]
 [   45    31    19    42    42    14    86   441     3    13    30    12
      9    25     7     4     0    18    19     2  1333    12     0    25
      0     9     7    66]
 [   22     7     9    10    27    12     4     8   190     2     8     1
      1     7     4     6     0    10    19     0   383    86     0    11
      1     1     8     3]
 [   32    24    52    86    64    16    20    12    10   187    87    35
      6     4    17    11     1    15    16     8   965    27     0    31
      1    20   109    33]
 [   40    52    72   127   119    14    56    29     8    52   511    74
     11     4    23    15     0    17    16     0  1719    35     0    37
      2    23    42    37]
 [    9    14    95    83    30     4     5     9     4    13    51   269
     16     3    27     3     0     0     6     0   431     9     3     5
      1     6    27     7]
 [    7    12     9    20    12     3     5     7     1     8    23    30
     93     3     7     1     0     2     4     3   238     3     0    16
      0    21    19     6]
 [  133    35    11     8    27     4     2    23     8     5     9     2
      0   168     2    20     0   103    34     2   515    27     1    12
      0     0     8    65]
 [    2     9     8    19    16     8     3     4     2    11    17    25
      8     2   255     0     0     3     2    11   269     2     1    14
      1     1     9     3]
 [  194    20     4     9    18    29     3     5     4     3     6     4
      0    11     1  2115     0    64    18     0   201    43     0     2
     10    43     9     7]
 [    3     3     1     4     1     2     3     0     1     2     2     0
      1     0     3     1     2     3     1     0    84     2     0     1
      0     3    11     0]
 [  137   196    10    10    41    17     6     5     9     7     5     1
      3    37     4    55     0   474    95     1   526    26     1    10
     14     1     5    15]
 [  137    22     1     7    48    10     5     6     8     4     4     1
      0    10     0    13     0    64  1210     0   451    12     1     5
      0     0     8     3]
 [    4     2     4    12     7     9     4     2     2     9    13     2
      1     0    18     1     0     2     0    29   159     2     0     2
      0     3    10     4]
 [  624   422   398   453   761   244   310   373   141   207   674   202
     52   105   131   122     3   197   215    17 15309   296    12   297
     18    56   194   223]
 [   84    35    10    11    94    48    21    11    56    17    33     3
      5    12     4    13     0    34    22     2   732   561     1    17
      3     7     6     9]
 [   35     0     4     3    10     3     0     0     2     3     5     0
      0     0     1     5     1    12     2     0   145     3    21     3
      0     3     2     2]
 [   37    33    23    44   114    10    26    26    10    20    73    17
      8     4    15    11     0    22    20     4  1165    31     0   170
      5    16    20    42]
 [   27     1     2     2    12    12     2     2     1     1     2     1
      0     1     0    27     0    20     4     2   145     9     0     8
     15     0     5     2]
 [    2    11     5    10     5     8     2     1     4    12    15     5
      7     0     3     7     0     0     6     1   167     3     0    10
      0   275    57     3]
 [   18    14    21    28    23    23     3     2    13    59    44    21
      3     1    13    10     3    11     7     3   652     7     0    21
      2   119   381    10]
 [   65    17    20    20    28     2    14    35     2    10    23     9
      2    30    14     9     0    13     6     1   539    20     0    33
      2     2     5   415]]

GridSearchCV(estimator=MultinomialNB(),
             param_grid={'alpha': (0.5, 0, 2, 1, 2.5, 1.5)})
                precision    recall  f1-score   support

    admiration       0.46      0.47      0.47      4284
     amusement       0.51      0.40      0.45      2430
         anger       0.33      0.16      0.21      2051
     annoyance       0.19      0.10      0.13      3378
      approval       0.22      0.12      0.15      4529
        caring       0.24      0.12      0.16      1369
     confusion       0.27      0.09      0.13      1990
     curiosity       0.34      0.15      0.21      2314
        desire       0.33      0.07      0.11       840
disappointment       0.21      0.06      0.09      1889
   disapproval       0.21      0.11      0.14      3135
       disgust       0.34      0.11      0.17      1130
 embarrassment       0.53      0.05      0.10       553
    excitement       0.27      0.06      0.10      1224
          fear       0.40      0.09      0.14       705
     gratitude       0.70      0.71      0.70      2823
         grief       0.00      0.00      0.00       134
           joy       0.34      0.17      0.23      1711
          love       0.59      0.42      0.49      2030
   nervousness       0.08      0.00      0.01       301
       neutral       0.38      0.75      0.51     22056
      optimism       0.37      0.18      0.24      1851
         pride       0.18      0.01      0.01       265
   realization       0.18      0.05      0.08      1966
        relief       0.11      0.00      0.01       303
       remorse       0.48      0.11      0.19       619
       sadness       0.33      0.14      0.20      1512
      surprise       0.34      0.15      0.21      1336

      accuracy                           0.38     68728
     macro avg       0.32      0.17      0.20     68728
  weighted avg       0.35      0.38      0.33     68728

[[ 2020    45    10    27   120    25     5    20     4     8    11     3
      0    11     6   107     0    52   127     0  1590    35     1    13
      1     0     5    38]
 [   98   977    11    43    39     8     8    12     3     3    25     1
      0     8     1    19     0    44    23     1  1072     4     0     7
      0     0     7    16]
 [   29    25   320   197    31    15     4    16     1    19    43    32
      0     5     6    12     0     1    13     0  1249     7     0     8
      0     1     8     9]
 [   67    51   134   344    88    17    29    30     4    37   121    34
      1     7     7    48     0     7    14     1  2249    15     0    21
      0     1    28    23]
 [  240    73    16    79   521    41    25    26     8    24    92    10
      0    13     4    52     0    36    31     0  3124    48     0    35
      0     1    18    12]
 [   33     5     6    21    39   160     2     9     3    16    21     0
      3     0     0    47     0    13    13     0   907    50     0     5
      0     3    12     1]
 [   25    21     8    42    65     8   175   114     0     4    46     2
      0     0     0    13     0     5     7     1  1413     7     0    12
      0     0     6    16]
 [   54    17    12    37    40    10    54   348     1     6    34     2
      1     3     1    11     0     9    12     0  1612     6     0    13
      0     2     7    22]
 [   18     5     7    10    26     9     6     5    57     1     5     0
      0     6     0    10     0     6     9     0   596    52     0     6
      0     0     4     2]
 [   41    15    23    80    59    11     6     9     5   115    66     9
      0     4     1    19     0     3    10     0  1318    20     1    10
      1     2    47    14]
 [   41    33    42   125   123    17    28    12     1    29   331    26
      2     2     5    16     0     8     6     0  2211    17     0    24
      0     2    26     8]
 [   25    14    60    87    41     3    12     5     3    15    46   127
      4     0     6     6     0     0     4     0   643     6     1     2
      0     1    13     6]
 [   12     9     5    34    19     1     8     7     0     8    13     7
     29     0     3     4     0     2     1     1   357     2     0    10
      0     5    11     5]
 [  142    23     6    11    30     3     4    22     2     2     4     1
      0    76     2    30     0    99    21     0   679    16     0     9
      0     1     3    38]
 [   18     7     8    16    19     8     2     7     1    14    15    16
      0     1    60     2     0     4     1     2   484     2     0     6
      1     1     7     3]
 [  164    18     2     5    25    21     3     7     0     4     9     0
      0     3     0  2004     0    41    10     0   450    33     0     1
      0     9    11     3]
 [    2     3     1     3     0     1     1     0     0     2     1     0
      0     0     0     3     0     0     1     0   105     1     0     1
      0     0     9     0]
 [  160   132     4    12    47    11     4     5     3     4     9     0
      0    21     0    78     0   289    66     0   833    12     0     6
      0     1     5     9]
 [  164    17     0     7    39     5     2     8     3     1     1     1
      0     5     0    22     0    35   861     0   851     5     0     0
      0     0     2     1]
 [    5     4     3     5     8     7     2     3     1     4    10     0
      0     0     1     3     1     1     2     1   227     3     0     4
      0     1     4     1]
 [  721   325   244   484   764   202   225   312    49   157   533    89
     13    87    37   205     2   140   192     5 16633   177     6   187
      3    13   123   128]
 [   79    18     5    14    74    50    10     6    13     8    19     2
      0     3     2    54     0    16     8     0  1127   326     0     8
      1     0     6     2]
 [   46     0     4     5    13     4     0     0     1     2     6     0
      0     1     1     8     0     7     1     0   158     1     2     2
      0     1     1     1]
 [   46    30    10    42    96    10    24    14     1    15    50     4
      2     6     1    17     0    14    13     0  1425    14     0    94
      1     3    10    24]
 [   23     2     3     3    13     7     3     1     1     2     1     2
      0     0     0    22     0     7     3     0   204     3     0     2
      1     0     0     0]
 [    3     5     2    12     7    10     1     1     2    11    12     1
      0     0     0    34     0     0     3     0   380     4     0     8
      0    71    49     3]
 [   23    12    14    31    29    15     4     2     6    39    30     7
      0     1     4    15     0     5     7     0  1007     7     0     8
      0    28   210     8]
 [   86    15    18    21    27     1     8    35     1     7    20     3
      0    16     3    10     0    10     4     0   817    10     0    21
      0     0     4   199]]

GridSearchCV(estimator=DecisionTreeClassifier(),
             param_grid={'criterion': ['gini'], 'max_depth': (10, 20),
                         'min_samples_split': (2, 3, 4)})
                precision    recall  f1-score   support

    admiration       0.51      0.27      0.36      4284
     amusement       0.56      0.47      0.51      2430
         anger       0.37      0.10      0.16      2051
     annoyance       0.09      0.00      0.01      3378
      approval       0.07      0.00      0.00      4529
        caring       0.20      0.01      0.02      1369
     confusion       0.08      0.00      0.00      1990
     curiosity       0.63      0.05      0.10      2314
        desire       0.47      0.22      0.30       840
disappointment       0.06      0.00      0.00      1889
   disapproval       0.04      0.00      0.00      3135
       disgust       0.72      0.07      0.13      1130
 embarrassment       0.00      0.00      0.00       553
    excitement       0.04      0.00      0.00      1224
          fear       0.40      0.00      0.01       705
     gratitude       0.86      0.72      0.78      2823
         grief       0.00      0.00      0.00       134
           joy       0.38      0.20      0.26      1711
          love       0.61      0.55      0.58      2030
   nervousness       0.00      0.00      0.00       301
       neutral       0.37      0.93      0.53     22056
      optimism       0.45      0.21      0.29      1851
         pride       0.00      0.00      0.00       265
   realization       0.06      0.00      0.00      1966
        relief       0.57      0.01      0.03       303
       remorse       0.41      0.45      0.43       619
       sadness       0.60      0.12      0.20      1512
      surprise       0.24      0.10      0.14      1336

      accuracy                           0.41     68728
     macro avg       0.31      0.16      0.17     68728
  weighted avg       0.35      0.41      0.30     68728

[[ 1176    40    12     4    20     4     1     4    10     1     4     0
      0     6     0    36     1    67   135     0  2616    52     1     1
      0     3     2    88]
 [   45  1136     8    11     1     2     1     8     4     1     3     1
      0     2     2     9     0    16    28     0  1104     9     0     3
      0     5     0    31]
 [   19    21   208     5     0     2     0     1     3     0     2     4
      0     0     0     6     0     4     8     0  1739     8     0     0
      0     4     3    14]
 [   31    49    75     9     3     0     1     2     7     1     2     5
      1     2     0    26     0    13    23     0  3070     7     0     2
      0    20     5    24]
 [  127    48    15     4     7     1     0     1    11     0     2     1
      1     4     0    19     0    35    47     0  4144    38     0     1
      0     9     5     9]
 [   21     8     3     3     7    15     1     1     8     0     1     1
      0     0     0     6     0    27    30     0  1167    48     0     0
      0    18     4     0]
 [   21    23     8     4     1     1     2     5     1     1     1     0
      0     0     0     7     0     9     8     0  1877     0     0     1
      0    10     1     9]
 [   35    31    13     1     4     1     4   126     4     0     0     1
      0     3     0     6     1     6    11     0  2038     7     0     1
      0     9     0    12]
 [   14     8     4     0     0     4     0     0   187     0     0     0
      0     1     0     3     0     4    20     0   542    51     0     0
      0     1     0     1]
 [   27    18    11     1     0     1     0     0     6     3     2     0
      0     1     0     7     0     8    10     0  1740    12     0     0
      0    22    16     4]
 [   32    46    10     5     1     2     0     3     2     5     3     4
      0     0     0    10     0    11    19     0  2925    16     0     0
      0    24     6    11]
 [    8    14    31     2     1     0     1     0     2     0     1    81
      1     0     1     2     0     2     3     0   970     4     0     0
      0     3     0     3]
 [    1     9     2     1     0     1     0     0     2     1     2     3
      0     0     0     1     0     0     4     0   502     3     0     0
      0    14     3     4]
 [   58    16     0     1     0     1     1     3     4     1     1     0
      0     2     0    11     0    77    22     0   949    11     0     0
      0     3     1    62]
 [    4    11     4     0     0     0     0     1     0     0     2     0
      0     0     2     2     0     1     3     0   670     1     0     0
      0     3     0     1]
 [   98    14     3    10     6     3     0     4     5     1     4     1
      1     0     0  2024     0    80    14     0   441    50     2     3
      3    47     3     6]
 [    5     3     0     0     0     0     0     0     0     0     0     0
      0     0     0     0     0     2     0     0   119     0     0     0
      0     2     3     0]
 [   82   123     2     0     4     3     1     0     6     1     0     0
      0     5     0    23     0   347    79     0  1002    16     0     0
      0     1     2    14]
 [   47    24     7     4    11     5     3     4     8     3     4     1
      1     7     0    12     0    22  1120     0   737     7     0     0
      0     1     1     1]
 [    1     2     5     0     1     0     1     0     0     0     0     0
      0     0     0     1     0     1     0     0   283     2     0     0
      0     2     1     1]
 [  286   308   110    23    12    10     4    29    57     8    19     7
      1    10     0    81     1    98   192     0 20520   120     0     2
      0    62    38    58]
 [   59    24     3     3     6    13     0     1    55     4     2     0
      0     1     0     9     0    20    18     0  1232   395     0     0
      0     1     0     5]
 [   14     2     0     0     0     0     0     0     0     0     0     0
      0     0     0     2     0     8     1     0   232     2     0     0
      0     0     2     2]
 [   24    15     7     3     1     0     1     2     3     1     2     0
      0     1     0     9     0     9    22     0  1810     6     0     1
      0    13     1    35]
 [   16     4     1     2     0     0     0     0     0     0     0     0
      0     0     0    14     0    33     0     0   226     3     0     0
      4     0     0     0]
 [    2     8     2     2     3     3     1     0     4     1     5     1
      0     1     0     3     1     0     4     0   277     2     0     1
      0   279    18     1]
 [   19    10     1     0     5     3     1     1     9    16     5     1
      0     2     0     6     0     9     4     0  1104    10     0     2
      0   122   178     4]
 [   22    19    13     1     0     0     0     3     2     0     1     1
      0     2     0     8     0     7     4     0  1116     6     0     0
      0     1     2   128]]

GridSearchCV(estimator=MLPClassifier(max_iter=1),
             param_grid={'activation': ('identity', 'logistic', 'tanh', 'relu'),
                         'hidden_layer_sizes': [(30, 50), (10, 10, 10)],
                         'max_iter': [1], 'solver': ('sgd', 'adam')})
                precision    recall  f1-score   support

    admiration       0.49      0.50      0.50      4284
     amusement       0.52      0.60      0.56      2430
         anger       0.37      0.15      0.21      2051
     annoyance       0.26      0.02      0.03      3378
      approval       0.37      0.02      0.05      4529
        caring       0.27      0.02      0.04      1369
     confusion       0.38      0.04      0.08      1990
     curiosity       0.41      0.09      0.14      2314
        desire       0.47      0.19      0.27       840
disappointment       0.28      0.01      0.02      1889
   disapproval       0.21      0.03      0.06      3135
       disgust       0.40      0.14      0.20      1130
 embarrassment       0.00      0.00      0.00       553
    excitement       0.85      0.01      0.03      1224
          fear       0.45      0.01      0.01       705
     gratitude       0.80      0.76      0.78      2823
         grief       0.00      0.00      0.00       134
           joy       0.43      0.21      0.28      1711
          love       0.59      0.61      0.60      2030
   nervousness       0.00      0.00      0.00       301
       neutral       0.39      0.88      0.54     22056
      optimism       0.46      0.25      0.33      1851
         pride       0.00      0.00      0.00       265
   realization       0.20      0.00      0.00      1966
        relief       0.00      0.00      0.00       303
       remorse       0.43      0.36      0.39       619
       sadness       0.36      0.20      0.26      1512
      surprise       0.39      0.10      0.16      1336

      accuracy                           0.43     68728
     macro avg       0.35      0.19      0.20     68728
  weighted avg       0.40      0.43      0.33     68728

[[ 2152    59     7     1    18     0     1     6     8     2     8     3
      0     0     0    75     0    46   154     0  1665    43     0     0
      0     1     9    26]
 [   84  1454    14     3     3     0     2     6     4     0     2     2
      0     0     0    13     0    33    37     0   745    11     0     0
      0     2     7     8]
 [   27    36   303    38     1     2     3     7     2     5    14    34
      0     0     0    11     0     2    12     0  1531     9     0     0
      0     3     8     3]
 [   75    73   137    55     7     3     8    14     7     5    50    39
      0     0     1    36     0     4    29     0  2771     8     0     0
      0    12    32    12]
 [  272    78     7     6   109     6     7     7    10     1    40     4
      0     0     0    33     0    18    57     0  3796    46     0     0
      0     9    14     9]
 [   51    11     9     2     7    30     3     4    10     1     9     2
      0     0     0    22     0    18    26     0  1073    64     0     0
      0    14    12     1]
 [   23    29    11     3     7     1    88    47     0     0    27     1
      0     0     0    11     0     7     7     0  1705     1     0     0
      0     7     8     7]
 [   39    37    12     0     3     0    14   200     3     1     5     3
      0     0     1    10     0     8    20     0  1923     8     0     0
      0     6     7    14]
 [   22    11     2     0     7     0     2     3   157     1     0     0
      0     0     0     3     0     4    21     0   548    57     0     0
      0     0     2     0]
 [   36    26    17    12     9     1     6     6     6    16    23    16
      0     0     1     8     0     3    12     0  1591    16     0     0
      0    13    60    11]
 [   45    53    20    15    20     3    12     7     2     4   108    17
      0     0     0    11     0     6    21     0  2724    14     0     0
      0    11    31    11]
 [   19    16    54     8     0     1     3     2     1     1    15   153
      0     0     0     3     0     1     6     0   814     7     0     0
      0     3    21     2]
 [   12    14     9     2     3     0     5     3     1     0     7    11
      0     0     0     1     0     0     5     0   439     3     0     0
      0    14    23     1]
 [  137    29     5     0     2     3     0     6     2     0     0     1
      0    17     0    18     0    93    35     0   825    14     0     0
      0     2     5    30]
 [   31    15     7     0     3     2     0     3     1     0     8    21
      0     0     5     1     0     1     5     0   561     4     0     0
      0     3    25     9]
 [  191    23     1     0     2     4     1     4     3     0     2     0
      0     0     0  2144     0    53    16     0   274    50     0     0
      0    38    16     1]
 [    2     5     0     0     0     0     0     0     0     0     1     1
      0     0     0     2     0     2     0     0   113     0     0     0
      0     2     6     0]
 [  148   211     2     1    10     2     2     4     6     0     1     0
      0     0     0    58     0   364    93     0   783    16     0     0
      0     1     2     7]
 [  132    25     2     1     1     0     1     2     2     0     1     0
      0     0     0    13     0    16  1243     0   578     9     0     0
      0     1     3     0]
 [    4     3     4     2     0     3     2     0     0     0     2     0
      0     0     0     1     0     1     3     0   260     3     0     0
      0     2     8     3]
 [  569   456   149    46    49    28    61   137    51    11   145    49
      0     1     1   116     0   102   229     0 19515   135     0     4
      0    45   121    36]
 [   97    32     4     2    12    15     0     3    38     1     5     0
      0     1     0    20     0    21    20     0  1099   469     0     0
      0     1     9     2]
 [   45     4     1     2     0     0     0     1     0     0     1     0
      0     0     0     5     0     8     3     0   190     2     0     0
      0     0     2     1]
 [   45    31    12     4    11     0     5     6     3     1    19     6
      0     0     1     9     0     9    24     0  1729     9     0     1
      0     9    16    16]
 [   19     4     2     0     1     1     1     1     0     0     2     0
      0     0     0    31     0    20     3     0   211     4     0     0
      0     0     3     0]
 [    5    16     4     0     3     2     2     0     5     1     4     2
      0     0     0     2     0     1     6     0   254     6     0     0
      0   225    80     1]
 [   22    19     8     3     4     2     0     1    10     4    14    13
      0     0     1     3     0     5     5     0   985    10     0     0
      0   101   299     3]
 [   73    18    11     2     2     1     2    10     3     3     8     4
      0     1     0    11     0     8     6     0  1026     7     0     0
      0     0     4   136]]

