MultinomialNB()
                precision    recall  f1-score   support

    admiration       0.49      0.45      0.47      2174
     amusement       0.52      0.30      0.38      1192
         anger       0.39      0.13      0.19      1019
     annoyance       0.21      0.07      0.11      1644
      approval       0.25      0.09      0.14      2238
        caring       0.29      0.07      0.11       672
     confusion       0.28      0.05      0.08       994
     curiosity       0.38      0.10      0.16      1162
        desire       0.31      0.03      0.05       425
disappointment       0.23      0.03      0.05       947
   disapproval       0.26      0.08      0.12      1612
       disgust       0.31      0.06      0.09       542
 embarrassment       0.58      0.03      0.05       279
    excitement       0.26      0.04      0.06       587
          fear       0.48      0.04      0.07       341
     gratitude       0.74      0.68      0.71      1406
         grief       0.00      0.00      0.00        64
           joy       0.37      0.12      0.18       881
          love       0.67      0.36      0.47      1024
   nervousness       0.00      0.00      0.00       154
       neutral       0.37      0.84      0.51     11067
      optimism       0.43      0.13      0.19       926
         pride       0.00      0.00      0.00       134
   realization       0.17      0.02      0.04       965
        relief       0.00      0.00      0.00       159
       remorse       0.47      0.06      0.11       324
       sadness       0.36      0.09      0.14       749
      surprise       0.40      0.09      0.15       683

      accuracy                           0.39     34364
     macro avg       0.33      0.14      0.17     34364
  weighted avg       0.37      0.39      0.31     34364

[[ 968   16    3    6   35    3    1    6    0    2    4    1    0    3
     0   51    0   16   49    0  982   12    0    5    0    0    2    9]
 [  43  360    2   11   10    0    1    4    0    1    7    1    0    2
     0   10    0   13   12    0  705    1    0    2    0    0    1    6]
 [   9    4  128   72    7    1    0    2    1    2   17    7    0    1
     1    4    0    0    3    0  754    0    0    1    0    1    0    4]
 [  28   19   48  120   28    5    4    5    0    8   31   10    1    1
     1   17    0    2    1    0 1299    3    0    3    0    1    3    6]
 [  96   29    5   24  212    5    6   12    3    9   24    2    0    5
     2    8    0   12    9    0 1749    9    0    8    0    0    5    4]
 [  18    2    1    8   15   44    1    5    0    3    4    0    0    0
     0   16    0    2    2    0  533   14    0    2    0    1    1    0]
 [   6    5    2   10   19    1   47   31    0    2    8    1    0    0
     0    9    0    2    0    0  846    1    0    1    0    0    0    3]
 [  22    6    2    7   18    2   20  120    0    1    8    0    0    1
     1    3    0    0    2    0  934    1    0    7    0    2    1    4]
 [   8    5    2    1   13    4    3    0   11    0    0    0    0    1
     0    1    0    2    3    0  349   20    0    0    0    0    1    1]
 [  17    2    1   20   26    6    1    0    1   29   13    5    0    0
     0    4    0    3    4    0  793    1    0    3    0    0   15    3]
 [  15    9   14   34   38    3   11    2    0    2  123    8    0    0
     0   11    0    3    3    0 1320    4    0    2    0    1    6    3]
 [   8    4   24   30   15    1    4    3    0    5    7   30    0    0
     2    3    0    0    0    0  399    2    0    1    0    1    3    0]
 [   8    4    3   13   12    1    2    1    0    1    3    3    7    0
     0    3    0    1    0    0  208    2    0    3    0    1    2    1]
 [  56   10    2    6   14    2    1   10    1    0    3    0    0   21
     0    9    0   40    8    0  391    6    0    1    0    0    1    5]
 [   6    2    2    6    6    2    0    4    0    3    1    2    0    0
    13    2    0    2    1    0  281    1    0    1    0    0    4    2]
 [  70   11    0    2   13    3    0    2    0    1    2    0    0    1
     0  959    0   14    4    0  312    7    0    1    0    2    2    0]
 [   2    3    0    1    0    1    0    0    0    0    0    0    0    0
     0    2    0    0    0    0   51    0    0    0    0    0    4    0]
 [  74   63    1    4   11    4    0    0    0    0    4    0    0    9
     0   30    0  104   25    0  539    6    0    1    0    0    4    2]
 [  78    5    0    2   14    0    0    3    0    0    3    0    0    2
     0    5    0    7  371    0  531    1    0    1    0    0    1    0]
 [   1    2    2    2    5    1    0    2    0    1    0    0    0    0
     0    0    0    0    0    0  136    1    0    0    0    0    0    1]
 [ 302  108   66  159  276   44   54   82   15   39  172   24    3   30
     5   86    1   39   50    0 9328   50    3   60    0    4   33   34]
 [  33    6    0    2   22   11    0    3    2    3    6    0    0    1
     0   17    0    3    4    0  692  117    0    2    0    0    2    0]
 [  24    0    1    1    2    0    0    0    0    0    3    0    1    0
     0    3    0    3    0    0   94    2    0    0    0    0    0    0]
 [  18    7    4   11   24    1    7    4    0    3   17    1    0    0
     1    7    0    4    0    0  822    4    0   24    0    0    2    4]
 [  10    0    0    2    2    2    0    0    0    0    1    0    0    0
     0    9    0    2    0    0  129    2    0    0    0    0    0    0]
 [   0    1    0    6    4    3    0    1    0    2    3    0    0    0
     0   15    0    0    1    0  244    1    0    2    0   20   21    0]
 [  10    7    5    9    7    2    2    0    2    7    4    1    0    0
     1    3    0    2    3    0  607    2    0    0    0    9   65    1]
 [  34    9   10    6   10    2    3   16    0    0    8    0    0    2
     0    4    0    2    1    0  499    4    0    7    0    0    4   62]]

DecisionTreeClassifier()
                precision    recall  f1-score   support

    admiration       0.40      0.56      0.47      2174
     amusement       0.41      0.57      0.48      1192
         anger       0.23      0.36      0.29      1019
     annoyance       0.16      0.24      0.19      1644
      approval       0.20      0.27      0.23      2238
        caring       0.20      0.29      0.24       672
     confusion       0.23      0.29      0.26       994
     curiosity       0.31      0.33      0.32      1162
        desire       0.25      0.28      0.27       425
disappointment       0.17      0.19      0.18       947
   disapproval       0.24      0.22      0.23      1612
       disgust       0.24      0.21      0.22       542
 embarrassment       0.18      0.18      0.18       279
    excitement       0.20      0.19      0.19       587
          fear       0.37      0.34      0.36       341
     gratitude       0.76      0.73      0.74      1406
         grief       0.13      0.11      0.12        64
           joy       0.28      0.23      0.25       881
          love       0.58      0.53      0.55      1024
   nervousness       0.16      0.13      0.14       154
       neutral       0.51      0.43      0.47     11067
      optimism       0.37      0.22      0.28       926
         pride       0.10      0.03      0.05       134
   realization       0.18      0.07      0.10       965
        relief       0.16      0.07      0.10       159
       remorse       0.42      0.31      0.35       324
       sadness       0.34      0.20      0.25       749
      surprise       0.35      0.23      0.28       683

      accuracy                           0.36     34364
     macro avg       0.29      0.28      0.28     34364
  weighted avg       0.38      0.36      0.36     34364

[[1217   49   22   47  112   21   11   22   14   14    9    8    0   43
     6   67    3   61   91    2  279   33    9    9    0    1    3   21]
 [  63  674   14   45   35    4    9   11    7    9   18    4    2   21
     0   11    0   55   16    0  163   10    1    6    0    3    1   10]
 [  21   24  370  175   26   18   14   13    5   23   48   27    7    7
     8    4    0    1    7    2  190    4    1   14    0    1    7    2]
 [  62   54  207  396   96   37   42   37    8   69   92   51   12   10
    13   10    2   12    9    7  350    8    0   18    4    5   18   15]
 [ 203   72   47  149  594   71   50   34   33   46   61   12   12   18
    12   17    1   35   32    8  631   38    2   33    4    3    6   14]
 [  41   10   17   34   88  193    6   11   14   15   16    2    4    3
     2    8    0   11    9    3  149   17    2    2    2    4    9    0]
 [  21   19   29   67   67   21  289  125    3   26   34    4    9    3
     4    5    0    2    5    3  232    5    0    8    0    2    2    9]
 [  41   20   30   70   47   14  174  384    4   11   17    1    5   18
     6    3    1    5    4    0  262    6    0    7    0    3    7   22]
 [  15    9   14   23   36   20    8   10  121    8    5    1    1    9
     0    2    0    5    7    1  100   20    0    2    2    2    4    0]
 [  21   21   46  117   64   21   21   12    8  182   61   25   17    5
     5    1    3   11    8    7  207    7    0   11    2    9   46    9]
 [  32   39   92  193  124   32   56   24   17   85  354   31   15    6
     5    5    2    7    7    3  407   11    0   16    0    8   26   15]
 [  13   15   80   80   29    7   10   10    3   29   29  113    6    1
     4    1    1    1    3    2   89    1    1    4    0    1    6    3]
 [   9   13   11   41   18    5    7    2    1   12    9   12   49    2
     6    3    0    1    0    3   60    1    0    4    0    5    3    2]
 [  85   26   13   22   49   12    5   28    9    9   11    2    1  112
     0   11    0   27   12    2  112   10    1    2    0    2    0   24]
 [   6    6   18   19   19    9    5    4    1   21   15   16    4    1
   116    0    1    3    3    4   60    1    1    1    0    0    6    1]
 [ 119   17   10   19   29   20    2    5    5    8    9    1    0   12
     1 1027    1   21    9    0   43   13    1    2    9   12    4    7]
 [   3    6    5    4    1    3    1    0    0    3    0    1    2    0
     1    2    7    0    1    0   12    1    0    2    0    1    8    0]
 [ 122  118   14   25   54   23    6    4    7    7    7    0    2   52
     1   33    0  199   39    1  127    8    2    3   11    1    5   10]
 [ 127   28    2   15   50   21   10    2   14    9   12    4    3   18
     0   15    0   48  545    1   87    7    0    1    1    1    3    0]
 [   4    3    3   13    7    8    5    5    1   12    8    2    3    3
     8    1    1    1    2   20   35    0    0    3    0    2    2    2]
 [ 545  326  416  716 1023  262  411  410  143  307  503  118   69  150
    82   72   13  135  109   43 4737  120   12  133   14   23   87   88]
 [  85   20   16   33  106   49   17   10   40   19   17    3    3   17
     5   16    0   17    9    0  219  204    1    7    2    4    4    3]
 [  31    1    5    4   18    1    4    1    1    4    2    0    2    3
     0    1    0    4    0    0   40    4    4    1    0    0    2    1]
 [  45   33   22   69  122   22   36   14   12   27   45   13    6   10
    10   10    4    9   10    4  326   11    2   68    3    6    7   19]
 [  19    4    4    6   25    9    2    0    1    4    2    2    0    2
     0    8    1   17    1    0   35    3    1    1   11    0    1    0]
 [   5    4    6   24   15   17    5    2    3   17   10    5   10    1
     1   13    4    0    2    2   41    2    0    8    0  100   26    1]
 [  14   11   30   63   38   29    8    4    7   76   30   12   11    4
     7    7    8    2    3    4  167    2    1   11    1   40  151    8]
 [  54   21   33   33   40    4   29   42    1   16   27    3   10   31
     8    1    0   10    4    3  134    7    0   11    2    1    2  156]]

    MLPClassifier()
                precision    recall  f1-score   support

    admiration       0.48      0.50      0.49      2174
     amusement       0.46      0.50      0.48      1192
         anger       0.30      0.28      0.29      1019
     annoyance       0.19      0.14      0.16      1644
      approval       0.23      0.19      0.21      2238
        caring       0.25      0.26      0.25       672
     confusion       0.26      0.21      0.23       994
     curiosity       0.33      0.31      0.32      1162
        desire       0.30      0.27      0.28       425
disappointment       0.19      0.18      0.19       947
   disapproval       0.24      0.20      0.22      1612
       disgust       0.22      0.25      0.24       542
 embarrassment       0.18      0.22      0.20       279
    excitement       0.20      0.17      0.19       587
          fear       0.35      0.35      0.35       341
     gratitude       0.74      0.75      0.74      1406
         grief       0.11      0.08      0.09        64
           joy       0.30      0.25      0.28       881
          love       0.58      0.61      0.59      1024
   nervousness       0.13      0.12      0.12       154
       neutral       0.48      0.56      0.52     11067
      optimism       0.34      0.27      0.30       926
         pride       0.13      0.09      0.10       134
   realization       0.16      0.11      0.13       965
        relief       0.17      0.16      0.16       159
       remorse       0.38      0.40      0.39       324
       sadness       0.30      0.27      0.28       749
      surprise       0.31      0.34      0.32       683

      accuracy                           0.39     34364
     macro avg       0.30      0.29      0.29     34364
  weighted avg       0.38      0.39      0.38     34364

[[1092   40   18   27   97   28    7   22   10   11    8   15    2   49
     6   74    4   50   95    4  381   43   14   19    4    4    7   43]
 [  50  593    8   34   24    5    6    9    9   14   15    3    8   23
     3   13    0   81   18    0  222    7    3   14    2    5    7   16]
 [  11   15  283  127   26   10    4   15    3   22   55   41   11   11
     6    7    0    0    7    1  316    6    3   17    1    1    8   12]
 [  38   38  131  232   65   22   28   34    6   63  101   75   19   14
    24   16    4    5   12   12  586   17    2   26    8    7   30   29]
 [ 138   51   27   65  422   48   38   29   30   37   73   14   15   21
    14   21    0   34   43   12  929   48    7   58   11   10   15   28]
 [  27    7    4    8   45  173    4   10   11   14   17    3    5    3
     1   10    0   17    6    7  236   25    4    6    4    9   10    6]
 [  18   20   21   30   34   13  205  108    1   16   39    7   14    3
     3   10    0    3    6    3  383    8    0   21    0    7    4   17]
 [  27   14   12   25   25    7  112  355    3   14   16    3    8   21
     6    4    0    6    6    2  427    7    0   10    2    5    8   37]
 [  11    6    6    9   16   15    8    8  113    4    5    4    2    9
     4    1    0    5   13    1  137   31    0    5    4    2    5    1]
 [  11   13   24   51   39   17   16   10    7  170   68   32   17    3
     8    1    3   12    9    9  303   10    0   25    4   10   62   13]
 [  17   23   50   81   86   18   34   20    9   73  324   42   21    4
     6    9    1    6   12    4  632   19    2   32    4   12   43   28]
 [   5   10   49   44   18    5    7    6    3   26   31  134   11    1
    11    2    2    1    4    3  129    4    2    8    2    7   10    7]
 [   7    8    5   17    9    3    5    5    1    9    8   13   60    2
     6    2    0    0    1    4   78    4    1   11    0    9    5    6]
 [  54   24    7    7   35    7    4   22    7    7    5    3    1  101
     0   12    1   43   15    2  170   14    3    4    0    4    5   30]
 [   5    3   10    8   10    5    2    3    0   15   12   16    2    0
   121    1    2    3    2    9   88    2    1    6    0    0   11    4]
 [  96    8    5    6   19   14    1    4    1    7    6    1    0    7
     3 1052    2   31    9    0   75   20    3    0    7   17    6    6]
 [   3    4    2    1    1    2    2    0    0    1    0    1    2    0
     1    1    5    2    1    0   19    1    1    3    0    3    7    1]
 [  93  103   10   12   28   17    1    5    1    4    8    0    1   45
     1   40    0  221   47    1  185   11    3    7   17    1    8   11]
 [  69   16    0    6   37   12    9    7    6    7    9    3    3   20
     1    9    0   43  621    2  127    7    1    4    1    1    3    0]
 [   1    1    2    5    5    9    2    5    1   10    8    3    2    2
    13    1    1    1    1   19   47    1    0    3    0    3    5    3]
 [ 365  241  230  321  573  176  246  343  103  241  415  140   83  105
    77   89    7  110  110   42 6209  171   23  250   36   35  150  176]
 [  50   15    4   14   70   34   11    8   38   12   23    3    6   15
     2   12    0   15   11    1  287  251    5   15    5    4    7    8]
 [  19    0    3    1   13    1    2    1    1    3    2    0    1    3
     1    4    0    5    0    0   53    2   12    1    0    1    4    1]
 [  22   15   15   24   76   18   20   13    9   24   40   14   10    6
     8   10    1   10    8    4  434   15    1  107    5    8   15   33]
 [  17    3    1    3   11   11    2    0    0    5    3    2    0    1
     0   10    1   13    3    0   39    4    0    2   25    1    2    0]
 [   2    3    4   10    5   12    2    3    4    9    7    4   11    1
     0   11    1    1    2    1   47    2    0    6    0  130   45    1]
 [  10    7   10   31   19   17    6    3    2   55   26   19    8    2
    10    5    9    2    5    5  217    4    2   12    1   50  205    7]
 [  32   12   18   11   17    1   19   40    1   10   22    3   10   23
     9    3    1    6    6    3  165   10    2   18    4    0    5  232]]

GridSearchCV(estimator=MultinomialNB(),
             param_grid={'alpha': (0.5, 0, 2, 1, 2.5, 1.5)})
                precision    recall  f1-score   support

    admiration       0.47      0.50      0.48      2174
     amusement       0.50      0.44      0.47      1192
         anger       0.34      0.20      0.25      1019
     annoyance       0.20      0.12      0.15      1644
      approval       0.23      0.13      0.16      2238
        caring       0.24      0.16      0.19       672
     confusion       0.26      0.10      0.15       994
     curiosity       0.32      0.17      0.22      1162
        desire       0.35      0.10      0.16       425
disappointment       0.21      0.07      0.11       947
   disapproval       0.23      0.13      0.16      1612
       disgust       0.32      0.14      0.20       542
 embarrassment       0.37      0.06      0.11       279
    excitement       0.26      0.09      0.13       587
          fear       0.36      0.11      0.17       341
     gratitude       0.70      0.75      0.72      1406
         grief       0.00      0.00      0.00        64
           joy       0.37      0.21      0.27       881
          love       0.60      0.48      0.53      1024
   nervousness       0.00      0.00      0.00       154
       neutral       0.39      0.72      0.51     11067
      optimism       0.39      0.22      0.28       926
         pride       0.11      0.01      0.01       134
   realization       0.18      0.07      0.10       965
        relief       0.00      0.00      0.00       159
       remorse       0.45      0.15      0.22       324
       sadness       0.30      0.16      0.21       749
      surprise       0.33      0.18      0.23       683

      accuracy                           0.39     34364
     macro avg       0.30      0.20      0.22     34364
  weighted avg       0.36      0.39      0.35     34364

[[1093   23    8   15   53   15    6   16    4    5    6    2    0    9
     3   66    0   31   77    0  672   30    0    9    0    1    2   28]
 [  48  529    3   25   21    5    6    8    1    4   11    2    0    7
     0   11    0   26   20    1  437    5    0    6    1    0    3   12]
 [  13    8  202  118   13    8    5   15    3    8   30   14    1    2
     4    6    0    0    8    0  545    0    0    8    0    1    3    4]
 [  36   27   79  195   46   12   17   18    4   23   58   23    2    5
     4   21    0    3    9    0 1013    6    0   13    0    1   17   12]
 [ 119   47   12   49  284   29   15   20   10   18   50    4    0    9
     3   18    0   25   25    1 1430   18    0   25    0    3   14   10]
 [  23    4    3    9   22  107    2    7    1    7    9    3    2    0
     0   22    0    6    3    0  402   27    1    5    0    2    5    0]
 [  11   10    6   19   27    5  104   64    0    3   23    2    0    1
     0   12    0    3    4    1  680    2    0    6    0    2    2    7]
 [  32   10    5   24   26    5   38  199    0    4   17    3    1    6
     2    6    0    4    5    0  738    5    0   10    0    2    4   16]
 [   8    6    2    3   15   10    4    1   44    0    5    0    0    2
     0    3    0    5    7    0  278   25    0    2    0    1    3    1]
 [  26    6   16   31   37    9    3    2    5   67   40   11    1    2
     0   13    0    3    5    0  616    6    0    8    1    1   34    4]
 [  14   14   28   66   66   10   19   11    0   12  205   22    3    2
     0   13    0    3    4    0 1072    7    0   13    0    2   16   10]
 [  14   10   37   50   14    1    7    4    1    9   19   78    4    0
     4    3    1    0    3    0  268    3    1    2    0    1    5    3]
 [   9    6    3   18   12    1    3    3    1    4    4    6   18    1
     4    2    0    1    0    0  165    2    0    5    0    4    4    3]
 [  66   18    3    8   14    2    2   13    3    1    4    0    1   52
     0   10    0   47   14    0  291   14    0    5    1    0    0   18]
 [   8    2    4   10    6    7    3    6    0    9    6    8    1    0
    37    2    0    3    1    0  216    2    0    2    0    0    5    3]
 [  84   10    0    3   12    7    0    2    0    2    2    0    0    2
     1 1054    0   27    9    0  163   15    0    1    0    7    5    0]
 [   2    3    0    4    0    1    0    0    0    0    0    1    0    0
     0    1    0    0    1    0   41    0    0    2    0    1    7    0]
 [  84   81    4    7   23    8    0    4    0    2    5    0    0   12
     1   38    0  184   33    0  361   13    0    4    1    1    6    9]
 [  92   10    0    3   16    5    2    3    1    0    2    0    0    4
     0   10    0   14  489    0  367    3    0    1    0    0    2    0]
 [   3    2    2    4    4    5    0    2    0    1    3    0    0    1
     1    0    1    1    2    0  114    2    0    2    0    0    3    1]
 [ 388  190  133  253  411  131  135  187   33   96  306   59   13   65
    27  121    3   79   80    2 7927  104    6  139    4   10   80   85]
 [  42    9    0    5   40   26    5    5   11    6   15    0    0    3
     2   28    0    5    5    0  506  200    0    5    1    0    6    1]
 [  29    0    3    1    5    2    0    0    0    2    3    0    1    1
     0    3    0    8    0    0   71    2    1    1    0    0    0    1]
 [  30   16    8   21   40    5   11    5    1    8   33    1    1    3
     5    7    0    7    1    1  660    9    0   66    1    3    7   15]
 [  10    1    1    2    5    6    1    0    0    1    1    0    0    0
     0    9    0    7    2    0  102    5    0    4    0    0    2    0]
 [   1    2    1    8    8    5    0    1    1    4    6    0    0    0
     0   21    0    1    1    0  169    2    0    7    0   48   37    1]
 [  10    7    8   19   10    9    3    2    3   24   15    5    0    0
     2    8    0    4    4    0  466    3    0    5    0   16  121    5]
 [  45   10   17   12   16    5    6   25    0    2   14    0    0    8
     2    4    0    6    1    0  363    8    0   11    0    0    5  123]]

GridSearchCV(estimator=DecisionTreeClassifier(),
             param_grid={'criterion': ['gini'], 'max_depth': (10, 20),
                         'min_samples_split': (2, 3, 4)})
                precision    recall  f1-score   support

    admiration       0.54      0.28      0.37      2174
     amusement       0.55      0.45      0.50      1192
         anger       0.36      0.10      0.16      1019
     annoyance       0.17      0.01      0.01      1644
      approval       0.09      0.00      0.01      2238
        caring       0.14      0.01      0.01       672
     confusion       0.07      0.00      0.00       994
     curiosity       0.62      0.05      0.09      1162
        desire       0.49      0.22      0.31       425
disappointment       0.11      0.00      0.00       947
   disapproval       0.12      0.00      0.00      1612
       disgust       0.79      0.08      0.14       542
 embarrassment       0.00      0.00      0.00       279
    excitement       0.24      0.03      0.06       587
          fear       0.00      0.00      0.00       341
     gratitude       0.88      0.73      0.79      1406
         grief       0.00      0.00      0.00        64
           joy       0.42      0.20      0.28       881
          love       0.63      0.57      0.60      1024
   nervousness       0.00      0.00      0.00       154
       neutral       0.37      0.93      0.53     11067
      optimism       0.47      0.21      0.29       926
         pride       0.00      0.00      0.00       134
   realization       0.20      0.00      0.00       965
        relief       0.67      0.01      0.02       159
       remorse       0.41      0.49      0.45       324
       sadness       0.58      0.12      0.20       749
      surprise       0.26      0.10      0.15       683

      accuracy                           0.41     34364
     macro avg       0.33      0.16      0.18     34364
  weighted avg       0.36      0.41      0.31     34364

[[  612    24     8     1    11     1     0     1     6     1     4     0
      0     5     2    24     1    41    64     0  1294    29     0     1
      0     3     1    40]
 [   22   541     3     5     3     0     0     2     1     0     1     0
      0     1     0     4     0     3    15     0   559     3     0     1
      0     2     0    26]
 [    4    10   103     0     0     1     0     0     3     0     1     2
      0     1     0     5     0     2     5     0   868     3     0     0
      0     4     3     4]
 [   15    26    39     9     2     0     1     0     2     0     4     2
      0     0     0     8     0     3    10     0  1487     5     0     0
      0    15     2    14]
 [   56    29     7     2     6     2     0     1     4     0     2     0
      0     1     0     7     0    17    22     0  2058    16     0     0
      0     3     1     4]
 [   16     3     0     0     5     5     0     1     4     0     1     0
      0     0     0     2     0    15     9     0   578    22     0     0
      0     7     4     0]
 [    7    12     5     4     0     0     1     3     1     1     1     0
      0     1     0     4     0     3     6     0   934     0     0     0
      0     6     1     4]
 [   17    14     5     1     1     0     1    55     1     0     0     0
      0     1     0     1     0     2     8     0  1043     4     0     0
      0     5     0     3]
 [    7     6     3     0     0     1     0     0    94     0     0     0
      0     1     0     0     0     2    15     0   274    21     0     0
      0     1     0     0]
 [    7     9     7     0     1     1     0     0     3     2     3     0
      0     0     0     1     0     7     3     0   881     2     0     0
      0    12     6     2]
 [   13    23     6     1     4     1     0     0     1     1     4     2
      0     0     0     2     0     5    12     0  1504     7     0     0
      0    11     5    10]
 [    0     8    13     0     1     0     0     0     1     0     1    41
      0     1     0     1     0     1     2     0   463     3     0     0
      0     4     1     1]
 [    2     3     1     0     0     0     0     0     0     0     0     0
      0     1     0     1     0     0     3     0   254     3     0     0
      0     9     1     1]
 [   30    10     2     0     0     0     0     2     2     0     0     0
      0    19     0     7     0    20    11     0   445     6     0     0
      0     3     1    29]
 [    0     4     2     0     0     0     0     1     0     1     0     0
      0     0     0     0     0     1     4     0   326     0     0     0
      0     1     0     1]
 [   44    10     1     3     3     0     0     1     0     3     1     0
      0     5     0  1023     0    32     7     0   218    21     0     0
      1    29     1     3]
 [    1     1     0     0     0     0     0     0     0     0     0     0
      0     0     0     0     0     2     0     0    58     0     0     0
      0     1     1     0]
 [   42    57     3     3     4     2     0     0     3     1     0     0
      0    19     0    14     0   180    35     0   506     6     0     0
      0     0     2     4]
 [   22    14     3     1     5     2     3     1     2     3     2     1
      0     2     2     5     0     7   580     0   365     3     0     0
      0     0     1     0]
 [    0     1     4     0     0     1     0     0     0     0     0     0
      0     0     0     0     0     1     3     0   141     0     0     0
      0     0     2     1]
 [  138   150    63    12    17     6     6    17    31     3     6     3
      0    14     0    40     0    47    85     0 10283    58     0     1
      0    40    23    24]
 [   28     8     1     2     1    12     0     1    23     0     0     0
      0     1     2     4     0     7    11     0   621   198     0     0
      0     0     4     2]
 [   11     0     0     0     1     0     0     0     0     0     0     0
      0     1     0     1     0     3     0     0   113     1     0     0
      0     0     2     1]
 [    5     8     3     2     0     0     0     1     3     0     1     0
      0     1     0     4     0     6     8     0   890     5     0     1
      0     7     0    20]
 [    8     2     0     0     0     0     0     0     0     0     0     0
      0     0     0     7     0    18     1     0   118     3     0     0
      2     0     0     0]
 [    3     2     1     1     3     1     0     0     3     1     1     0
      0     0     0     1     0     0     2     0   140     1     0     0
      0   159     5     0]
 [    6     8     1     3     1     0     2     1     2     2     1     1
      0     0     0     3     1     1     1     0   553     4     0     1
      0    61    93     3]
 [   12     8     6     2     0     0     0     1     0     0     0     0
      0     4     0     0     0     2     2     0   574     1     0     0
      0     1     0    70]]

GridSearchCV(estimator=MLPClassifier(max_iter=1),
             param_grid={'activation': ('identity', 'logistic', 'tanh', 'relu'),
                         'hidden_layer_sizes': [(30, 50), (10, 10, 10)],
                         'max_iter': [1], 'solver': ('sgd', 'adam')})
                precision    recall  f1-score   support

    admiration       0.52      0.53      0.53      2174
     amusement       0.50      0.60      0.55      1192
         anger       0.40      0.22      0.28      1019
     annoyance       0.21      0.04      0.07      1644
      approval       0.50      0.05      0.08      2238
        caring       0.27      0.05      0.09       672
     confusion       0.48      0.05      0.09       994
     curiosity       0.37      0.09      0.14      1162
        desire       0.55      0.18      0.28       425
disappointment       0.11      0.00      0.00       947
   disapproval       0.25      0.03      0.06      1612
       disgust       0.37      0.19      0.25       542
 embarrassment       0.00      0.00      0.00       279
    excitement       0.79      0.03      0.06       587
          fear       0.51      0.07      0.12       341
     gratitude       0.76      0.78      0.77      1406
         grief       0.00      0.00      0.00        64
           joy       0.41      0.25      0.31       881
          love       0.61      0.64      0.62      1024
   nervousness       0.00      0.00      0.00       154
       neutral       0.41      0.86      0.55     11067
      optimism       0.45      0.28      0.35       926
         pride       0.00      0.00      0.00       134
   realization       0.44      0.00      0.01       965
        relief       0.00      0.00      0.00       159
       remorse       0.43      0.46      0.45       324
       sadness       0.38      0.23      0.29       749
      surprise       0.37      0.26      0.31       683

      accuracy                           0.44     34364
     macro avg       0.36      0.21      0.22     34364
  weighted avg       0.42      0.44      0.35     34364

[[1161   33    5    2    7    1    0   10    4    0    3    4    0    0
     1   44    0   35   85    0  701   35    0    0    0    2    6   35]
 [  40  712    5    9    0    0    1    6    1    0    0    2    0    0
     0    9    0   27   11    0  342    5    0    0    0    0    2   20]
 [  11   10  221   53    0    2    1    3    2    1    7   22    0    0
     0    5    0    1    6    0  654    3    0    0    0    4    5    8]
 [  31   38   81   69    4    4    1   10    2    0   19   24    0    0
     2   19    0    1   12    0 1274    6    0    0    0   12   21   14]
 [ 124   46    6    8  101   12    4    5    2    0    9    4    0    0
     2   16    0   15   33    0 1803   27    0    1    0    2    5   13]
 [  24    7    2    4    5   34    0    3    4    0    3    0    0    0
     0   24    0    7    6    0  506   24    0    0    0    9   10    0]
 [  12   18    8    2    3    1   50   26    0    0    8    0    0    0
     1    9    0    0    3    0  833    1    0    1    0    5    5    8]
 [  25   17    8    8    4    3    9  103    0    0    0    1    1    2
     1    2    0    6   10    0  923    7    0    0    0    5    4   23]
 [  11    7    3    0    2    2    2    1   78    0    0    0    0    0
     0    5    0    6   14    0  263   26    0    0    0    1    3    1]
 [  16   12   16   16    5    5    0    0    3    1   12   16    0    0
     1    4    0    2    6    0  758    8    0    0    0    9   49    8]
 [  14   23   20   22   10    3    2    4    1    0   55   16    0    0
     0    8    0    3   11    0 1367    9    0    0    0    9   18   17]
 [   6    9   36   20    1    0    2    2    1    0    9  101    0    0
     1    2    0    0    2    0  331    6    0    0    0    5    5    3]
 [   3    7    5   22    1    0    2    1    0    0    2    8    0    0
     2    1    0    0    1    0  202    3    0    0    0    7    8    4]
 [  63   18    2    1    3    3    0    4    0    0    0    0    0   19
     0   15    0   49   18    0  353    6    0    0    0    1    1   31]
 [   2   12    5    0    1    1    1    9    1    0    4   14    0    0
    24    2    0    3    5    0  246    1    0    1    0    1    5    3]
 [ 102   14    0    1    1    4    1    2    0    0    1    0    0    0
     0 1099    0   28    5    0   98   19    0    0    0   26    4    1]
 [   2    3    1    0    0    0    0    0    0    0    2    1    0    0
     0    2    0    0    1    0   47    0    0    0    0    1    4    0]
 [  81  124    2    1    3    0    0    0    3    0    0    2    0    0
     0   35    0  217   50    0  338   10    0    0    0    0    7    8]
 [  69    9    1    2    1    0    1    2    1    0    0    1    0    0
     0    3    0   19  653    0  247    7    0    0    0    0    7    1]
 [   2    3    4    1    0    1    1    0    0    1    0    1    0    0
     0    1    0    0    3    0  126    1    0    0    0    2    5    2]
 [ 289  235   98   66   37   25   21   73   17    1   69   40    0    1
     9   70    0   75  114    0 9558   94    0    1    0   29   72   73]
 [  51   14    0    2    8   14    0    4   15    1    3    1    0    1
     0   29    0    6    9    0  494  262    0    0    0    0    8    4]
 [  27    0    0    0    0    0    0    0    0    1    0    0    0    0
     0    3    0    5    1    0   90    3    0    0    0    0    2    2]
 [  21   22    4    5    6    1    4    3    2    1   10    2    0    0
     3    4    0   10    9    0  805    7    0    4    0    9    8   25]
 [  13    1    1    0    0    3    0    0    0    0    1    0    0    0
     0   14    0   14    3    0  101    6    0    0    0    0    2    0]
 [   2    3    1    1    0    3    1    0    2    0    1    1    0    0
     0    6    0    0    2    0  127    1    0    1    0  149   23    0]
 [   6    5    8    7    1    3    1    1    2    2    3    6    0    0
     0    4    0    1    1    0  461    5    0    0    0   54  174    4]
 [  32   10   12    4    0    0    0    5    0    0    3    3    0    1
     0    3    0    4    3    0  418    3    0    0    0    2    1  179]]

