MLPClassifier(max_iter=1)
                precision    recall  f1-score   support

    admiration       0.54      0.50      0.52      2174
     amusement       0.52      0.60      0.56      1192
         anger       0.41      0.25      0.31      1019
     annoyance       0.27      0.07      0.11      1644
      approval       0.41      0.06      0.11      2238
        caring       0.27      0.08      0.12       672
     confusion       0.40      0.08      0.13       994
     curiosity       0.36      0.10      0.16      1162
        desire       0.50      0.24      0.33       425
disappointment       0.33      0.03      0.05       947
   disapproval       0.24      0.05      0.08      1612
       disgust       0.37      0.17      0.24       542
 embarrassment       0.33      0.02      0.03       279
    excitement       0.47      0.06      0.11       587
          fear       0.51      0.26      0.35       341
     gratitude       0.81      0.78      0.80      1406
         grief       0.00      0.00      0.00        64
           joy       0.43      0.28      0.34       881
          love       0.59      0.65      0.62      1024
   nervousness       0.00      0.00      0.00       154
       neutral       0.41      0.85      0.56     11067
      optimism       0.46      0.30      0.36       926
         pride       0.00      0.00      0.00       134
   realization       0.37      0.02      0.04       965
        relief       0.00      0.00      0.00       159
       remorse       0.43      0.51      0.47       324
       sadness       0.49      0.21      0.30       749
      surprise       0.37      0.28      0.32       683

      accuracy                           0.44     34364
     macro avg       0.37      0.23      0.25     34364
  weighted avg       0.42      0.44      0.37     34364

[[1089   28    5    7   15    3    0   12    5    2    6    6    0    5
     2   42    0   35   90    0  741   40    0    0    0    2    5   34]
 [  39  720    5   11    2    0    1    8    2    1    3    2    0    1
     1    7    0   20   20    0  322    4    0    0    0    2    3   18]
 [   9   10  258   51    0    2    4    4    3    2    8   25    0    1
     0    5    0    2    8    0  605    4    0    0    0    4    4   10]
 [  34   39   89  108   11    5    5   14    1    5   31   26    0    2
    10   16    0    3   15    0 1180    5    0    3    0   14   13   15]
 [ 110   42    9   10  142   19    7    6    5    2   19    6    1    2
     8   11    0   16   35    0 1735   27    0    2    0    4    7   13]
 [  24    7    5    4    6   54    1    7    7    0    3    1    0    0
     2   14    0   12    6    0  477   27    0    1    0    7    7    0]
 [  10   21    8    2    5    2   76   30    0    0   14    1    1    0
     2    8    0    1    3    0  788    1    0    2    0    6    1   12]
 [  22   19   11    6    3    3   11  122    1    2    2    3    2    3
     2    2    0    4    7    0  891    8    0    2    0    6    0   30]
 [   7    7    0    0    2    4    3    1  104    0    0    0    0    0
     2    2    0    5   13    0  244   29    0    0    0    0    0    2]
 [  14   11   15   21    9    3    1    0    6   28   15   14    1    1
     2    3    0    7    8    0  734    6    0    2    0   10   26   10]
 [   8   23   25   26   15    4   14    9    1    6   81   17    3    1
     3    9    0    7   13    0 1296   11    0    1    0   10   10   19]
 [   4   11   43   22    4    0    3    1    1    3   10   94    0    0
     4    2    0    1    2    0  320    5    0    1    0    5    4    2]
 [   4    6    4   17    3    1    2    1    0    1    1    6    5    1
     3    1    0    0    1    0  201    4    0    1    0    8    4    4]
 [  57   19    3    2    8    2    0    8    3    2    0    0    0   36
     0   11    0   47   16    0  329    8    0    1    0    2    1   32]
 [   3    5    3    2    2    1    0    2    0    1    2    7    0    0
    89    2    0    1    5    0  213    0    0    0    0    0    1    2]
 [  82   10    0    1    3    9    3    1    0    0    2    0    0    0
     1 1099    0   34   12    0  101   19    0    0    0   26    2    1]
 [   2    3    1    0    0    0    0    0    0    0    1    1    0    0
     1    0    0    2    2    0   47    0    0    0    0    1    3    0]
 [  65  118    5    2    5    4    0    0    5    1    2    0    0    3
     1   23    0  251   49    0  326    9    0    1    0    0    4    7]
 [  57   10    3    1    3    0    1    1    1    0    0    0    0    0
     0    4    0   11  668    0  256    6    0    0    0    0    2    0]
 [   2    3    4    3    1    3    0    0    0    2    0    0    0    0
     3    0    0    2    2    0  123    1    0    0    0    2    1    2]
 [ 235  231  101   89   79   50   49   98   30   15  108   33    1   12
    22   64    0   79  118    0 9398   88    0   11    0   39   44   73]
 [  40   15    1    1   12   13    3    2   22    2    7    0    0    3
     2   10    0   10   11    0  486  277    0    1    0    0    4    4]
 [  26    0    2    0    1    0    0    0    0    1    0    0    0    0
     0    3    0    6    2    0   86    3    0    0    0    0    2    2]
 [  16   15    7    8   10    3    5    4    4    3   13    3    1    0
     7    4    0    5    9    0  780    9    0   18    0    9    6   26]
 [   7    1    0    2    0    7    0    0    0    0    0    1    0    0
     0   12    0   18    3    0  103    5    0    0    0    0    0    0]
 [   1    5    2    0    0    4    0    0    3    0    2    0    0    0
     0    0    0    0    1    0  125    2    0    2    0  166   11    0]
 [   6    7   10    5    2    4    0    1    5    6    4    7    0    1
     4    0    0    2    2    0  455    6    0    0    0   58  159    5]
 [  26    8   14    3    1    0    1    8    0    0    7    2    0    4
     3    1    0    3    2    0  406    4    0    0    0    1    0  189]]

GridSearchCV(estimator=MLPClassifier(max_iter=1),
             param_grid={'activation': ('identity', 'logistic', 'tanh', 'relu'),
                         'hidden_layer_sizes': [(30, 50), (10, 10, 10)],
                         'max_iter': [1], 'solver': ('sgd', 'adam')})
                precision    recall  f1-score   support

    admiration       0.53      0.51      0.52      2174
     amusement       0.52      0.60      0.56      1192
         anger       0.39      0.21      0.27      1019
     annoyance       0.24      0.04      0.06      1644
      approval       0.44      0.05      0.09      2238
        caring       0.25      0.06      0.10       672
     confusion       0.49      0.04      0.08       994
     curiosity       0.41      0.10      0.16      1162
        desire       0.50      0.22      0.30       425
disappointment       0.19      0.02      0.04       947
   disapproval       0.22      0.04      0.07      1612
       disgust       0.34      0.20      0.25       542
 embarrassment       0.50      0.00      0.01       279
    excitement       0.60      0.05      0.10       587
          fear       0.49      0.28      0.36       341
     gratitude       0.79      0.78      0.78      1406
         grief       0.00      0.00      0.00        64
           joy       0.43      0.23      0.30       881
          love       0.61      0.60      0.60      1024
   nervousness       0.00      0.00      0.00       154
       neutral       0.41      0.86      0.55     11067
      optimism       0.43      0.28      0.34       926
         pride       0.00      0.00      0.00       134
   realization       0.40      0.00      0.00       965
        relief       0.00      0.00      0.00       159
       remorse       0.43      0.48      0.45       324
       sadness       0.40      0.21      0.28       749
      surprise       0.36      0.25      0.30       683

      accuracy                           0.44     34364
     macro avg       0.37      0.22      0.24     34364
  weighted avg       0.42      0.44      0.36     34364

[[1116   30    4    2   14    2    0    7    5    2    6    5    0    1
     2   37    0   32   89    0  742   34    0    0    0    2    5   37]
 [  38  720    6    8    1    0    1    3    2    0    0    3    0    2
     0    7    0   15   11    0  346    4    0    0    0    2    3   20]
 [  12   11  214   36    0    2    1    5    3    4   11   26    0    0
     1    7    0    1    6    0  658    5    0    0    0    2    5    9]
 [  30   36   88   60    8    4    2    9    1   10   21   39    0    1
     7   16    0    3   10    0 1251    6    0    1    0   15   11   15]
 [ 116   38    8    4  108   10    3    6    3    4   19    6    0    1
     9    9    0   14   27    0 1808   27    0    0    0    3    6    9]
 [  26    6    3    3    2   42    2    6    5    1    4    2    0    1
     2   13    0    9    6    0  487   31    0    0    0    9   12    0]
 [  11   19    8    2    6    2   44   29    0    1   15    3    0    0
     3    8    0    1    4    0  819    2    0    1    0    5    4    7]
 [  19   18    9    4    3    4    5  112    1    2    3    3    1    2
     2    2    0    5   10    0  918    8    0    0    0    5    1   25]
 [  12    5    0    2    2    6    0    1   92    0    0    0    0    0
     3    3    0    4   10    0  251   31    0    0    0    0    2    1]
 [  11   11   12   14    7    5    0    0    4   22    9   17    0    0
     4    6    0    0    5    0  764    5    0    0    0   11   33    7]
 [   8   22   25   16   14    3    5    2    1    7   64   15    0    0
     4   10    0    2    8    0 1363    9    0    0    0    9    9   16]
 [   4   10   38   13    3    0    1    2    0    4   10  107    0    0
     7    2    0    0    2    0  322    6    0    0    0    4    5    2]
 [   5    7    5    7    2    0    2    3    0    4    1    8    1    0
     3    1    0    0    1    0  201    5    0    0    0   10    8    5]
 [  56   20    3    1    4    2    0    4    1    2    0    0    0   32
     0   12    0   46   13    0  348    7    0    0    0    1    2   33]
 [   1    3    1    1    1    2    0    2    1    3    4   11    0    0
    96    1    0    0    4    0  203    0    0    0    0    0    5    2]
 [  97   10    1    1    1    9    0    1    0    1    2    0    0    0
     0 1091    0   24    8    0  113   17    0    0    0   25    5    0]
 [   3    3    1    0    0    0    0    0    0    0    0    1    0    0
     1    0    0    2    1    0   46    0    0    0    0    1    5    0]
 [  71  107    2    0    1    3    0    0    7    1    0    2    0    2
     2   37    0  206   50    0  367   13    0    0    0    0    4    6]
 [  61   15    1    1    2    1    2    2    2    0    0    1    0    0
     2    5    0   15  610    0  292    7    0    0    0    0    5    0]
 [   1    3    4    2    0    3    0    0    0    3    0    2    0    0
     3    0    0    1    3    0  118    1    0    0    0    1    7    2]
 [ 258  230   94   54   41   44   20   63   24   24   92   44    0    6
    25   68    0   64   94    0 9568   92    0    0    0   34   62   66]
 [  45   13    2    1    9   12    0    4   20    3    2    1    0    2
     1   21    0    5    8    0  502  261    0    0    0    1    8    5]
 [  29    0    1    0    1    1    0    0    0    1    0    0    0    0
     0    2    0    5    0    0   87    3    0    0    0    0    2    2]
 [  19   16    3    5    8    2    2    3    3    5   12    3    0    0
     8    6    0    7    5    0  805    9    0    2    0    6   11   25]
 [   9    1    1    0    1    6    0    0    0    0    0    1    0    0
     1   12    0   13    4    0  102    7    0    0    0    0    1    0]
 [   1    4    1    0    0    3    0    0    3    1    2    1    0    0
     0    5    0    0    2    0  125    3    0    0    0  154   18    1]
 [   5    7    6    4    3    1    0    1    5    8    4   10    0    0
     4    2    0    0    2    0  460    4    0    0    0   58  160    5]
 [  30   10   10    4    1    0    0    7    0    0    7    2    0    3
     4    1    0    3    2    0  420    4    0    1    0    1    1  172]]

